1 0 80
2 80 100
3 180 140
4 320 180
5 500 220
6 720 260
7 980 300
8 1280 340
9 1620 380
10 2000 30
11 2030 90
12 2120 150
13 2270 210
14 2480 270
15 2750 330
16 3080 390
17 3470 450
18 3920 510
19 4430 570
20 5000 70
21 5070 210
22 5280 350
23 5630 490
24 6120 630
25 6750 770
26 7520 910
27 8430 1050
28 9480 1190
29 10670 1330
30 12000 130
31 12130 390
32 12520 650
33 13170 910
34 14080 1170
35 15250 1430
36 16680 1690
37 18370 1950
38 20320 2210
39 22530 2470
40 25000 170
41 25170 510
42 25680 850
43 26530 1190
44 27720 1530
45 29250 1870
46 31120 2210
47 33330 2550
48 35880 2890
49 38770 3230
50 42000 220
51 42220 660
52 42880 1100
53 43980 1540
54 45520 1980
55 47500 2420
56 49920 2860
57 52780 3300
58 56080 3740
59 59820 4180
60 64000 360
61 64360 1080
62 65440 1800
63 67240 2520
64 69760 3240
65 73000 3960
66 76960 4680
67 81640 5400
68 87040 6120
69 93160 6840
70 100000 500
71 100500 1500
72 102000 2500
73 104500 3500
74 108000 4500
75 112500 5500
76 118000 6500
77 124500 7500
78 132000 8500
79 140500 9500